{
 "cells": [
  {
   "cell_type": "markdown",
   "metadata": {
    "collapsed": true
   },
   "source": [
    "# Hartree-Fock Self-Consistent Field Theory"
   ]
  },
  {
   "cell_type": "code",
   "execution_count": 1,
   "metadata": {},
   "outputs": [],
   "source": [
    "\"\"\"Tutorial implementing a basic Hartree--Fock SCF program.\"\"\"\n",
    "\n",
    "__authors__ = \"D. A. Sirianni\"\n",
    "__credits__ = \"D. G. A. Smith\"\n",
    "__email__   = \"sirianni.dom@gmail.com\"\n",
    "\n",
    "__copyright__ = \"(c) 2014-2018, The Psi4NumPy Developers\"\n",
    "__license__   = \"BSD-3-Clause\"\n",
    "__date__      = \"05/22/2017\""
   ]
  },
  {
   "cell_type": "markdown",
   "metadata": {},
   "source": [
    "## I. Theoretical Overview\n",
    "In this tutorial, we will seek to introduce the theory and implementation of the quantum chemical method known as Hartree-Fock Self-Consistent Field Theory (HF-SCF) with restricted orbitals and closed-shell systems (RHF).  This theory seeks to solve the pseudo-eigenvalue matrix equation \n",
    "\n",
    "$$\\sum_{\\nu} F_{\\mu\\nu}C_{\\nu i} = \\epsilon_i\\sum_{\\nu}S_{\\mu\\nu}C_{\\nu i}$$\n",
    "$${\\bf FC} = {\\bf SC\\epsilon},$$\n",
    "\n",
    "called the Roothan equations, which can be solved self-consistently for the orbital coefficient matrix **C** to and the orbital energy eigenvalues $\\epsilon_i$.  The Fock matrix, **F**, has elements $F_{\\mu\\nu}$ given (in the atomic orbital basis) as\n",
    "\n",
    "$$F_{\\mu\\nu} = H_{\\mu\\nu} + 2(\\mu\\,\\nu\\left|\\,\\lambda\\,\\sigma)D_{\\lambda\\sigma} - (\\mu\\,\\lambda\\,\\right|\\nu\\,\\sigma)D_{\\lambda\\sigma},$$\n",
    "\n",
    "where $D_{\\lambda\\sigma}$ is an element of the one-particle density matrix **D**, constructed from the orbital coefficient matrix **C**:\n",
    "\n",
    "$$D_{\\lambda\\sigma} = C_{\\sigma i}C_{\\lambda i}$$\n",
    "\n",
    "Formally, the orbital coefficient matrix **C** is a $N\\times M$ matrix, where $N$ is the number of atomic basis functions, and $M$ is the total number of molecular orbitals.  Physically, this matrix describes the contribution of every atomic basis function (columns) to a particular molecular orbital (e.g., the $i^{\\rm th}$ row).  The density matrix **D** is a square matrix describing the electron density contained in each orbital.  In the molecular orbital basis, the density matrix has elements\n",
    "\n",
    "$$D_{pq} = \\left\\{\n",
    "\\begin{array}{ll}\n",
    "2\\delta_{pq} & p\\; {\\rm occupied} \\\\\n",
    "0 & p\\; {\\rm virtual} \\\\\n",
    "\\end{array}\\right .$$\n",
    "\n",
    "The total RHF energy is given by\n",
    "\n",
    "$$E^{\\rm RHF}_{\\rm total} = E^{\\rm RHF}_{\\rm elec} + E^{\\rm BO}_{\\rm nuc},$$\n",
    "\n",
    "where $E^{\\rm RHF}_{\\rm elec}$ is the final electronic RHF energy, and $E^{\\rm BO}_{\\rm nuc}$ is the total nuclear repulsion energy within the Born-Oppenheimer approximation.  To compute the electronic energy, we may use the density matrix in the AO basis:\n",
    "\n",
    "$$E^{\\rm RHF}_{\\rm elec} = (F_{\\mu\\nu} + H_{\\mu\\nu})D_{\\mu\\nu},$$\n",
    "\n",
    "and the nuclear repulsion energy is simply\n",
    "\n",
    "$$E^{\\rm BO}_{\\rm nuc} = \\sum_{A>B}\\frac{Z_AZ_B}{r_{AB}}$$\n",
    "\n",
    "where $Z_A$ is the nuclear charge of atom $A$, and the sum runs over all unique nuclear pairs."
   ]
  },
  {
   "cell_type": "markdown",
   "metadata": {},
   "source": [
    "## II. Implementation\n",
    "\n",
    "Using the above overview, let's write a RHF program using <span style=\"font-variant: small-caps\"> Psi4 </span> and NumPy.  First, we need to import these Python modules: "
   ]
  },
  {
   "cell_type": "code",
   "execution_count": 11,
   "metadata": {},
   "outputs": [],
   "source": [
    "# ==> Import Psi4 & NumPy <==\n",
    "import psi4\n",
    "import numpy as np"
   ]
  },
  {
   "cell_type": "markdown",
   "metadata": {},
   "source": [
    "Next, using what you learned in the previous tutorial module, set the following <span style=\"font-variant: small-caps\"> Psi4 </span> and molecule options.\n",
    "\n",
    "Memory & Output specifications:\n",
    "- Give 500 Mb of memory to Psi4\n",
    "- Set Psi4 output file to \"output.dat\"\n",
    "- Set a variable `numpy_memory` to an acceptable amount of available memory for the working computer to use for storing tensors\n",
    "\n",
    "Molecule definition:\n",
    "- Define the \"physicist's water molecule\" (O-H bond length = 1.1 Angstroms, HOH bond angle = 104 degrees)\n",
    "- Molecular symmetry C1\n",
    "\n",
    "Computation options:\n",
    "- basis set cc-pVDZ\n",
    "- SCF type PK\n",
    "- Energy convergence criterion to 0.00000001\n"
   ]
  },
  {
   "cell_type": "code",
   "execution_count": 12,
   "metadata": {},
   "outputs": [],
   "source": [
    "# ==> Set Basic Psi4 Options <==\n",
    "# Memory specification\n",
    "psi4.set_memory(int(5e8))\n",
    "numpy_memory = 2\n",
    "\n",
    "# Set output file\n",
    "psi4.core.set_output_file('output.dat', False)\n",
    "\n",
    "# Define Physicist's water -- don't forget C1 symmetry!\n",
    "#mol = psi4.geometry(\"\"\"\n",
    "#O\n",
    "#H 1 1.0\n",
    "#H 1 1.0 2 104.5\n",
    "#symmetry c1\n",
    "#\"\"\")\n",
    "mol = psi4.geometry(\"\"\"\n",
    "N\n",
    "N 1 1.1\n",
    "symmetry c1\n",
    "\"\"\")\n",
    "# Set computation options\n",
    "psi4.set_options({'basis': 'cc-pvdz',\n",
    "                  'scf_type': 'pk',\n",
    "                  'e_convergence': 1e-8})"
   ]
  },
  {
   "cell_type": "markdown",
   "metadata": {},
   "source": [
    "Since we will be writing our own, iterative RHF procedure, we will need to define options that we can use to tweak our convergence behavior.  For example, if something goes wrong and our SCF doesn't converge, we don't want to spiral into an infinite loop.  Instead, we can specify the maximum number of iterations allowed, and store this value in a variable called `maxiter`.  Here are some good default options for our program:\n",
    "~~~python\n",
    "MAXITER = 40\n",
    "E_conv = 1.0e-6\n",
    "~~~\n",
    "These are by no means the only possible values for these options, and it's encouraged to try different values and see for yourself how different choices affect the performance of our program.  For now, let's use the above as our default."
   ]
  },
  {
   "cell_type": "code",
   "execution_count": 13,
   "metadata": {},
   "outputs": [],
   "source": [
    "# ==> Set default program options <==\n",
    "# Maximum SCF iterations\n",
    "MAXITER = 40\n",
    "# Energy convergence criterion\n",
    "E_conv = 1.0e-6"
   ]
  },
  {
   "cell_type": "markdown",
   "metadata": {},
   "source": [
    "Before we can build our Fock matrix, we'll need to compute the following static one- and two-electron quantities:\n",
    "\n",
    "- Electron repulsion integrals (ERIs) **I** between our AOs\n",
    "- Overlap matrix **S**\n",
    "- Core Hamiltonian matrix **H**\n",
    "\n",
    "Fortunately for us, we can do this using the machinery in <span style='font-variant: small-caps'> Psi4</span>.  In the first module, you learned about `psi4.core.Wavefunction` and `psi4.core.MintsHelper` classes.  In the cell below, use these classes to perform the following:\n",
    "\n",
    "1. Create Class Instances\n",
    "\n",
    "    a. Build a wavefunction for our molecule and basis set\n",
    "    \n",
    "    b. Create an instance of the `MintsHelper` class with the basis set for the wavefunction\n",
    "\n",
    "2. Build overlap matrix, **S**\n",
    "\n",
    "    a. Get the AO overlap matrix from `MintsHelper`, and cast it into a NumPy array\n",
    "    \n",
    "    b. Get the number of AO basis functions and number of doubly occupied orbitals from S and the wavefunciton\n",
    "\n",
    "3. Compute ERI Tensor, **I**\n",
    "\n",
    "    a. Get ERI tensor from `MintsHelper`, and cast it into a NumPy array\n",
    "\n",
    "4. Build core Hamiltonian, **H**\n",
    "\n",
    "    a. Get AO kinetic energy matrix from `MintsHelper`, and cast it into a NumPy array\n",
    "\n",
    "    b. Get AO potential energy matrix from `MintsHelper`, and cast it into a NumPy array\n",
    "\n",
    "    c. Build core Hamiltonian from kinetic & potential energy matrices"
   ]
  },
  {
   "cell_type": "code",
   "execution_count": 14,
   "metadata": {},
   "outputs": [
    {
     "name": "stdout",
     "output_type": "stream",
     "text": [
      "Number of occupied orbitals:   7\n",
      "Number of basis functions:  28\n",
      "\n",
      "Size of the ERI tensor will be 0.00 GB.\n",
      "[[-2.77943536e+01  6.66403536e+00 -4.94760972e+00 -1.50796599e-01\n",
      "   0.00000000e+00  0.00000000e+00 -3.02044502e-02  0.00000000e+00\n",
      "   0.00000000e+00 -1.78199460e-02  0.00000000e+00  0.00000000e+00\n",
      "   0.00000000e+00  0.00000000e+00 -2.01897296e-02 -6.98977569e-01\n",
      "  -1.96331488e+00  1.35994905e+00  0.00000000e+00  0.00000000e+00\n",
      "   3.66219623e+00  0.00000000e+00  0.00000000e+00 -3.20045003e+00\n",
      "   0.00000000e+00  0.00000000e+00  0.00000000e+00  0.00000000e+00]\n",
      " [ 6.66403536e+00 -1.03826457e+01 -5.61984398e+00 -8.59176412e-01\n",
      "   0.00000000e+00  0.00000000e+00 -6.14060079e-01  0.00000000e+00\n",
      "   0.00000000e+00 -4.74210425e-01  0.00000000e+00  0.00000000e+00\n",
      "   0.00000000e+00  0.00000000e+00 -6.98977569e-01 -2.04612135e+00\n",
      "  -3.17922145e+00  2.79385014e+00  0.00000000e+00  0.00000000e+00\n",
      "   4.06598239e+00  0.00000000e+00  0.00000000e+00 -2.46311654e+00\n",
      "   0.00000000e+00  0.00000000e+00  0.00000000e+00  0.00000000e+00]\n",
      " [-4.94760972e+00 -5.61984398e+00 -8.16249478e+00 -8.85875787e-01\n",
      "   0.00000000e+00  0.00000000e+00 -1.22921349e+00  0.00000000e+00\n",
      "   0.00000000e+00 -6.75660347e-01  0.00000000e+00  0.00000000e+00\n",
      "   0.00000000e+00  0.00000000e+00 -1.96331488e+00 -3.17922145e+00\n",
      "  -5.45941854e+00  2.78808573e+00  0.00000000e+00  0.00000000e+00\n",
      "   5.24381825e+00  0.00000000e+00  0.00000000e+00 -2.09977459e+00\n",
      "   0.00000000e+00  0.00000000e+00  0.00000000e+00  0.00000000e+00]\n",
      " [-1.50796599e-01 -8.59176412e-01 -8.85875787e-01 -9.34395972e+00\n",
      "   0.00000000e+00  0.00000000e+00 -4.64318969e+00  0.00000000e+00\n",
      "   0.00000000e+00 -1.12508445e+00  0.00000000e+00  0.00000000e+00\n",
      "   0.00000000e+00  0.00000000e+00 -1.35994905e+00 -2.79385014e+00\n",
      "  -2.78808573e+00  3.75793170e+00  0.00000000e+00  0.00000000e+00\n",
      "   1.60710906e+00  0.00000000e+00  0.00000000e+00 -3.03997782e+00\n",
      "   0.00000000e+00  0.00000000e+00  0.00000000e+00  0.00000000e+00]\n",
      " [ 0.00000000e+00  0.00000000e+00  0.00000000e+00  0.00000000e+00\n",
      "  -8.81939394e+00  0.00000000e+00  0.00000000e+00 -4.15310788e+00\n",
      "   0.00000000e+00  0.00000000e+00 -6.08105636e-01  0.00000000e+00\n",
      "   0.00000000e+00  0.00000000e+00  0.00000000e+00  0.00000000e+00\n",
      "   0.00000000e+00  0.00000000e+00 -1.22477836e+00  0.00000000e+00\n",
      "   0.00000000e+00 -2.07483871e+00  0.00000000e+00  0.00000000e+00\n",
      "   2.57912628e+00  0.00000000e+00  0.00000000e+00  0.00000000e+00]\n",
      " [ 0.00000000e+00  0.00000000e+00  0.00000000e+00  0.00000000e+00\n",
      "   0.00000000e+00 -8.81939394e+00  0.00000000e+00  0.00000000e+00\n",
      "  -4.15310788e+00  0.00000000e+00  0.00000000e+00 -6.08105636e-01\n",
      "   0.00000000e+00  0.00000000e+00  0.00000000e+00  0.00000000e+00\n",
      "   0.00000000e+00  0.00000000e+00  0.00000000e+00 -1.22477836e+00\n",
      "   0.00000000e+00  0.00000000e+00 -2.07483871e+00  0.00000000e+00\n",
      "   0.00000000e+00  2.57912628e+00  0.00000000e+00  0.00000000e+00]\n",
      " [-3.02044502e-02 -6.14060079e-01 -1.22921349e+00 -4.64318969e+00\n",
      "   0.00000000e+00  0.00000000e+00 -6.60922880e+00  0.00000000e+00\n",
      "   0.00000000e+00 -1.27233605e+00  0.00000000e+00  0.00000000e+00\n",
      "   0.00000000e+00  0.00000000e+00 -3.66219623e+00 -4.06598239e+00\n",
      "  -5.24381825e+00  1.60710906e+00  0.00000000e+00  0.00000000e+00\n",
      "   3.38761537e-01  0.00000000e+00  0.00000000e+00 -1.92314422e-02\n",
      "   0.00000000e+00  0.00000000e+00  0.00000000e+00  0.00000000e+00]\n",
      " [ 0.00000000e+00  0.00000000e+00  0.00000000e+00  0.00000000e+00\n",
      "  -4.15310788e+00  0.00000000e+00  0.00000000e+00 -5.49109580e+00\n",
      "   0.00000000e+00  0.00000000e+00 -5.71686003e-01  0.00000000e+00\n",
      "   0.00000000e+00  0.00000000e+00  0.00000000e+00  0.00000000e+00\n",
      "   0.00000000e+00  0.00000000e+00 -2.07483871e+00  0.00000000e+00\n",
      "   0.00000000e+00 -3.69402654e+00  0.00000000e+00  0.00000000e+00\n",
      "   1.86225241e+00  0.00000000e+00  0.00000000e+00  0.00000000e+00]\n",
      " [ 0.00000000e+00  0.00000000e+00  0.00000000e+00  0.00000000e+00\n",
      "   0.00000000e+00 -4.15310788e+00  0.00000000e+00  0.00000000e+00\n",
      "  -5.49109580e+00  0.00000000e+00  0.00000000e+00 -5.71686003e-01\n",
      "   0.00000000e+00  0.00000000e+00  0.00000000e+00  0.00000000e+00\n",
      "   0.00000000e+00  0.00000000e+00  0.00000000e+00 -2.07483871e+00\n",
      "   0.00000000e+00  0.00000000e+00 -3.69402654e+00  0.00000000e+00\n",
      "   0.00000000e+00  1.86225241e+00  0.00000000e+00  0.00000000e+00]\n",
      " [-1.78199460e-02 -4.74210425e-01 -6.75660347e-01 -1.12508445e+00\n",
      "   0.00000000e+00  0.00000000e+00 -1.27233605e+00  0.00000000e+00\n",
      "   0.00000000e+00 -6.60640633e+00  0.00000000e+00  0.00000000e+00\n",
      "   0.00000000e+00  0.00000000e+00 -3.20045003e+00 -2.46311654e+00\n",
      "  -2.09977459e+00  3.03997782e+00  0.00000000e+00  0.00000000e+00\n",
      "   1.92314422e-02  0.00000000e+00  0.00000000e+00 -7.84213853e-01\n",
      "   0.00000000e+00  0.00000000e+00  0.00000000e+00  0.00000000e+00]\n",
      " [ 0.00000000e+00  0.00000000e+00  0.00000000e+00  0.00000000e+00\n",
      "  -6.08105636e-01  0.00000000e+00  0.00000000e+00 -5.71686003e-01\n",
      "   0.00000000e+00  0.00000000e+00 -5.93049242e+00  0.00000000e+00\n",
      "   0.00000000e+00  0.00000000e+00  0.00000000e+00  0.00000000e+00\n",
      "   0.00000000e+00  0.00000000e+00 -2.57912628e+00  0.00000000e+00\n",
      "   0.00000000e+00 -1.86225241e+00  0.00000000e+00  0.00000000e+00\n",
      "   3.19968383e+00  0.00000000e+00  0.00000000e+00  0.00000000e+00]\n",
      " [ 0.00000000e+00  0.00000000e+00  0.00000000e+00  0.00000000e+00\n",
      "   0.00000000e+00 -6.08105636e-01  0.00000000e+00  0.00000000e+00\n",
      "  -5.71686003e-01  0.00000000e+00  0.00000000e+00 -5.93049242e+00\n",
      "   0.00000000e+00  0.00000000e+00  0.00000000e+00  0.00000000e+00\n",
      "   0.00000000e+00  0.00000000e+00  0.00000000e+00 -2.57912628e+00\n",
      "   0.00000000e+00  0.00000000e+00 -1.86225241e+00  0.00000000e+00\n",
      "   0.00000000e+00  3.19968383e+00  0.00000000e+00  0.00000000e+00]\n",
      " [ 0.00000000e+00  0.00000000e+00  0.00000000e+00  0.00000000e+00\n",
      "   0.00000000e+00  0.00000000e+00  0.00000000e+00  0.00000000e+00\n",
      "   0.00000000e+00  0.00000000e+00  0.00000000e+00  0.00000000e+00\n",
      "  -5.46658855e+00  0.00000000e+00  0.00000000e+00  0.00000000e+00\n",
      "   0.00000000e+00  0.00000000e+00  0.00000000e+00  0.00000000e+00\n",
      "   0.00000000e+00  0.00000000e+00  0.00000000e+00  0.00000000e+00\n",
      "   0.00000000e+00  0.00000000e+00 -1.24329766e+00  0.00000000e+00]\n",
      " [ 0.00000000e+00  0.00000000e+00  0.00000000e+00  0.00000000e+00\n",
      "   0.00000000e+00  0.00000000e+00  0.00000000e+00  0.00000000e+00\n",
      "   0.00000000e+00  0.00000000e+00  0.00000000e+00  0.00000000e+00\n",
      "   0.00000000e+00 -5.46658855e+00  0.00000000e+00  0.00000000e+00\n",
      "   0.00000000e+00  0.00000000e+00  0.00000000e+00  0.00000000e+00\n",
      "   0.00000000e+00  0.00000000e+00  0.00000000e+00  0.00000000e+00\n",
      "   0.00000000e+00  0.00000000e+00  0.00000000e+00 -1.24329766e+00]\n",
      " [-2.01897296e-02 -6.98977569e-01 -1.96331488e+00 -1.35994905e+00\n",
      "   0.00000000e+00  0.00000000e+00 -3.66219623e+00  0.00000000e+00\n",
      "   0.00000000e+00 -3.20045003e+00  0.00000000e+00  0.00000000e+00\n",
      "   0.00000000e+00  0.00000000e+00 -2.77943536e+01  6.66403536e+00\n",
      "  -4.94760972e+00  1.50796599e-01  0.00000000e+00  0.00000000e+00\n",
      "   3.02044502e-02  0.00000000e+00  0.00000000e+00 -1.78199460e-02\n",
      "   0.00000000e+00  0.00000000e+00  0.00000000e+00  0.00000000e+00]\n",
      " [-6.98977569e-01 -2.04612135e+00 -3.17922145e+00 -2.79385014e+00\n",
      "   0.00000000e+00  0.00000000e+00 -4.06598239e+00  0.00000000e+00\n",
      "   0.00000000e+00 -2.46311654e+00  0.00000000e+00  0.00000000e+00\n",
      "   0.00000000e+00  0.00000000e+00  6.66403536e+00 -1.03826457e+01\n",
      "  -5.61984398e+00  8.59176412e-01  0.00000000e+00  0.00000000e+00\n",
      "   6.14060079e-01  0.00000000e+00  0.00000000e+00 -4.74210425e-01\n",
      "   0.00000000e+00  0.00000000e+00  0.00000000e+00  0.00000000e+00]\n",
      " [-1.96331488e+00 -3.17922145e+00 -5.45941854e+00 -2.78808573e+00\n",
      "   0.00000000e+00  0.00000000e+00 -5.24381825e+00  0.00000000e+00\n",
      "   0.00000000e+00 -2.09977459e+00  0.00000000e+00  0.00000000e+00\n",
      "   0.00000000e+00  0.00000000e+00 -4.94760972e+00 -5.61984398e+00\n",
      "  -8.16249478e+00  8.85875787e-01  0.00000000e+00  0.00000000e+00\n",
      "   1.22921349e+00  0.00000000e+00  0.00000000e+00 -6.75660347e-01\n",
      "   0.00000000e+00  0.00000000e+00  0.00000000e+00  0.00000000e+00]\n",
      " [ 1.35994905e+00  2.79385014e+00  2.78808573e+00  3.75793170e+00\n",
      "   0.00000000e+00  0.00000000e+00  1.60710906e+00  0.00000000e+00\n",
      "   0.00000000e+00  3.03997782e+00  0.00000000e+00  0.00000000e+00\n",
      "   0.00000000e+00  0.00000000e+00  1.50796599e-01  8.59176412e-01\n",
      "   8.85875787e-01 -9.34395972e+00  0.00000000e+00  0.00000000e+00\n",
      "  -4.64318969e+00  0.00000000e+00  0.00000000e+00  1.12508445e+00\n",
      "   0.00000000e+00  0.00000000e+00  0.00000000e+00  0.00000000e+00]\n",
      " [ 0.00000000e+00  0.00000000e+00  0.00000000e+00  0.00000000e+00\n",
      "  -1.22477836e+00  0.00000000e+00  0.00000000e+00 -2.07483871e+00\n",
      "   0.00000000e+00  0.00000000e+00 -2.57912628e+00  0.00000000e+00\n",
      "   0.00000000e+00  0.00000000e+00  0.00000000e+00  0.00000000e+00\n",
      "   0.00000000e+00  0.00000000e+00 -8.81939394e+00  0.00000000e+00\n",
      "   0.00000000e+00 -4.15310788e+00  0.00000000e+00  0.00000000e+00\n",
      "   6.08105636e-01  0.00000000e+00  0.00000000e+00  0.00000000e+00]\n",
      " [ 0.00000000e+00  0.00000000e+00  0.00000000e+00  0.00000000e+00\n",
      "   0.00000000e+00 -1.22477836e+00  0.00000000e+00  0.00000000e+00\n",
      "  -2.07483871e+00  0.00000000e+00  0.00000000e+00 -2.57912628e+00\n",
      "   0.00000000e+00  0.00000000e+00  0.00000000e+00  0.00000000e+00\n",
      "   0.00000000e+00  0.00000000e+00  0.00000000e+00 -8.81939394e+00\n",
      "   0.00000000e+00  0.00000000e+00 -4.15310788e+00  0.00000000e+00\n",
      "   0.00000000e+00  6.08105636e-01  0.00000000e+00  0.00000000e+00]\n",
      " [ 3.66219623e+00  4.06598239e+00  5.24381825e+00  1.60710906e+00\n",
      "   0.00000000e+00  0.00000000e+00  3.38761537e-01  0.00000000e+00\n",
      "   0.00000000e+00  1.92314422e-02  0.00000000e+00  0.00000000e+00\n",
      "   0.00000000e+00  0.00000000e+00  3.02044502e-02  6.14060079e-01\n",
      "   1.22921349e+00 -4.64318969e+00  0.00000000e+00  0.00000000e+00\n",
      "  -6.60922880e+00  0.00000000e+00  0.00000000e+00  1.27233605e+00\n",
      "   0.00000000e+00  0.00000000e+00  0.00000000e+00  0.00000000e+00]\n",
      " [ 0.00000000e+00  0.00000000e+00  0.00000000e+00  0.00000000e+00\n",
      "  -2.07483871e+00  0.00000000e+00  0.00000000e+00 -3.69402654e+00\n",
      "   0.00000000e+00  0.00000000e+00 -1.86225241e+00  0.00000000e+00\n",
      "   0.00000000e+00  0.00000000e+00  0.00000000e+00  0.00000000e+00\n",
      "   0.00000000e+00  0.00000000e+00 -4.15310788e+00  0.00000000e+00\n",
      "   0.00000000e+00 -5.49109580e+00  0.00000000e+00  0.00000000e+00\n",
      "   5.71686003e-01  0.00000000e+00  0.00000000e+00  0.00000000e+00]\n",
      " [ 0.00000000e+00  0.00000000e+00  0.00000000e+00  0.00000000e+00\n",
      "   0.00000000e+00 -2.07483871e+00  0.00000000e+00  0.00000000e+00\n",
      "  -3.69402654e+00  0.00000000e+00  0.00000000e+00 -1.86225241e+00\n",
      "   0.00000000e+00  0.00000000e+00  0.00000000e+00  0.00000000e+00\n",
      "   0.00000000e+00  0.00000000e+00  0.00000000e+00 -4.15310788e+00\n",
      "   0.00000000e+00  0.00000000e+00 -5.49109580e+00  0.00000000e+00\n",
      "   0.00000000e+00  5.71686003e-01  0.00000000e+00  0.00000000e+00]\n",
      " [-3.20045003e+00 -2.46311654e+00 -2.09977459e+00 -3.03997782e+00\n",
      "   0.00000000e+00  0.00000000e+00 -1.92314422e-02  0.00000000e+00\n",
      "   0.00000000e+00 -7.84213853e-01  0.00000000e+00  0.00000000e+00\n",
      "   0.00000000e+00  0.00000000e+00 -1.78199460e-02 -4.74210425e-01\n",
      "  -6.75660347e-01  1.12508445e+00  0.00000000e+00  0.00000000e+00\n",
      "   1.27233605e+00  0.00000000e+00  0.00000000e+00 -6.60640633e+00\n",
      "   0.00000000e+00  0.00000000e+00  0.00000000e+00  0.00000000e+00]\n",
      " [ 0.00000000e+00  0.00000000e+00  0.00000000e+00  0.00000000e+00\n",
      "   2.57912628e+00  0.00000000e+00  0.00000000e+00  1.86225241e+00\n",
      "   0.00000000e+00  0.00000000e+00  3.19968383e+00  0.00000000e+00\n",
      "   0.00000000e+00  0.00000000e+00  0.00000000e+00  0.00000000e+00\n",
      "   0.00000000e+00  0.00000000e+00  6.08105636e-01  0.00000000e+00\n",
      "   0.00000000e+00  5.71686003e-01  0.00000000e+00  0.00000000e+00\n",
      "  -5.93049242e+00  0.00000000e+00  0.00000000e+00  0.00000000e+00]\n",
      " [ 0.00000000e+00  0.00000000e+00  0.00000000e+00  0.00000000e+00\n",
      "   0.00000000e+00  2.57912628e+00  0.00000000e+00  0.00000000e+00\n",
      "   1.86225241e+00  0.00000000e+00  0.00000000e+00  3.19968383e+00\n",
      "   0.00000000e+00  0.00000000e+00  0.00000000e+00  0.00000000e+00\n",
      "   0.00000000e+00  0.00000000e+00  0.00000000e+00  6.08105636e-01\n",
      "   0.00000000e+00  0.00000000e+00  5.71686003e-01  0.00000000e+00\n",
      "   0.00000000e+00 -5.93049242e+00  0.00000000e+00  0.00000000e+00]\n",
      " [ 0.00000000e+00  0.00000000e+00  0.00000000e+00  0.00000000e+00\n",
      "   0.00000000e+00  0.00000000e+00  0.00000000e+00  0.00000000e+00\n",
      "   0.00000000e+00  0.00000000e+00  0.00000000e+00  0.00000000e+00\n",
      "  -1.24329766e+00  0.00000000e+00  0.00000000e+00  0.00000000e+00\n",
      "   0.00000000e+00  0.00000000e+00  0.00000000e+00  0.00000000e+00\n",
      "   0.00000000e+00  0.00000000e+00  0.00000000e+00  0.00000000e+00\n",
      "   0.00000000e+00  0.00000000e+00 -5.46658855e+00  0.00000000e+00]\n",
      " [ 0.00000000e+00  0.00000000e+00  0.00000000e+00  0.00000000e+00\n",
      "   0.00000000e+00  0.00000000e+00  0.00000000e+00  0.00000000e+00\n",
      "   0.00000000e+00  0.00000000e+00  0.00000000e+00  0.00000000e+00\n",
      "   0.00000000e+00 -1.24329766e+00  0.00000000e+00  0.00000000e+00\n",
      "   0.00000000e+00  0.00000000e+00  0.00000000e+00  0.00000000e+00\n",
      "   0.00000000e+00  0.00000000e+00  0.00000000e+00  0.00000000e+00\n",
      "   0.00000000e+00  0.00000000e+00  0.00000000e+00 -5.46658855e+00]]\n"
     ]
    }
   ],
   "source": [
    "# ==> Compute static 1e- and 2e- quantities with Psi4 <==\n",
    "# Class instantiation\n",
    "wfn = psi4.core.Wavefunction.build(mol, psi4.core.get_global_option('basis'))\n",
    "mints = psi4.core.MintsHelper(wfn.basisset())\n",
    "\n",
    "# Overlap matrix\n",
    "S = np.asarray(mints.ao_overlap())\n",
    "\n",
    "# Number of basis Functions & doubly occupied orbitals\n",
    "nbf = S.shape[0]\n",
    "ndocc = wfn.nalpha()\n",
    "\n",
    "print('Number of occupied orbitals: %3d' % (ndocc))\n",
    "print('Number of basis functions: %3d' % (nbf))\n",
    "\n",
    "# Memory check for ERI tensor\n",
    "I_size = (nbf**4) * 8.e-9\n",
    "print('\\nSize of the ERI tensor will be {:4.2f} GB.'.format(I_size))\n",
    "memory_footprint = I_size * 1.5\n",
    "if I_size > numpy_memory:\n",
    "    psi4.core.clean()\n",
    "    raise Exception(\"Estimated memory utilization (%4.2f GB) exceeds allotted memory \\\n",
    "                     limit of %4.2f GB.\" % (memory_footprint, numpy_memory))\n",
    "\n",
    "# Build ERI Tensor\n",
    "I = np.asarray(mints.ao_eri())\n",
    "\n",
    "# Build core Hamiltonian\n",
    "T = np.asarray(mints.ao_kinetic())\n",
    "V = np.asarray(mints.ao_potential())\n",
    "H = T + V\n",
    "\n",
    "print(H)"
   ]
  },
  {
   "cell_type": "markdown",
   "metadata": {},
   "source": [
    "The Roothan equations\n",
    "\n",
    "$${\\bf FC} = {\\bf SC\\epsilon}$$\n",
    "\n",
    "are only *pseudo*-eigenvalue equations due to the presence of the overlap matrix **S** on the right hand side of the equation.  Normally, the AO basis set will not be orthonormal, so the overlap matrix **S** will not be unity and therefore cannot be ignored.  Let's check to see whether our AO basis is orthonormal:"
   ]
  },
  {
   "cell_type": "code",
   "execution_count": 15,
   "metadata": {},
   "outputs": [
    {
     "name": "stdout",
     "output_type": "stream",
     "text": [
      "\n",
      "Do we have any hope that our AO basis is orthonormal? False!\n"
     ]
    }
   ],
   "source": [
    "# ==> Inspecting S for AO orthonormality <==\n",
    "hope = np.allclose(S, np.eye(S.shape[0]))\n",
    "print('\\nDo we have any hope that our AO basis is orthonormal? %s!' % (hope))"
   ]
  },
  {
   "cell_type": "markdown",
   "metadata": {},
   "source": [
    "Just as we'd expected -- looks like we can't ignore the AO overlap matrix.  Therefore, the Fock matrix **F** cannot simply be diagonalized to solve for the orbital coefficient matrix **C**.  There is still hope, however!  We can overcome this issue by transforming the AO basis so that all of our basis functions are orthonormal.  In other words, we seek a matrix **A** such that the transformation \n",
    "\n",
    "$${\\bf A}^{\\dagger}{\\bf SA} = {\\bf 1}$$\n",
    "\n",
    "One method of doing this is called *symmetric orthogonalization*, which lets ${\\bf A} = {\\bf S}^{-1/2}$.  Then, \n",
    "\n",
    "$${\\bf A}^{\\dagger}{\\bf SA} = {\\bf S}^{-1/2}{\\bf SS}^{-1/2} = {\\bf S}^{-1/2}{\\bf S}^{1/2} = {\\bf S}^0 = {\\bf 1},$$\n",
    "\n",
    "and we see that this choice for **A** does in fact yield an orthonormal AO basis.  In the cell below, construct this transformation matrix using <span style='font-variant: small-caps'> Psi4</span>'s built-in `Matrix` class member function `power()` just like the following:\n",
    "~~~python\n",
    "A = mints.ao_overlap()\n",
    "A.power(-0.5, 1.e-16)\n",
    "A = np.asarray(A)\n",
    "~~~"
   ]
  },
  {
   "cell_type": "code",
   "execution_count": 16,
   "metadata": {},
   "outputs": [
    {
     "name": "stdout",
     "output_type": "stream",
     "text": [
      "[[ 1.17017156e+00  4.39173671e-01 -4.42532230e-01  8.91940299e-02\n",
      "   7.98844772e-17  5.42767004e-17 -1.25680292e-01  3.80226662e-16\n",
      "  -1.12566193e-17  5.90048297e-03 -2.28578020e-16 -5.43972934e-17\n",
      "   2.18837423e-16  0.00000000e+00  3.89871748e-03 -1.15783021e-02\n",
      "   1.28954255e-01  4.66800183e-02  1.56434413e-16  1.54678211e-16\n",
      "   3.23424743e-02 -7.73320252e-17 -1.18746783e-16 -1.67158471e-01\n",
      "   2.84487388e-16 -3.49528756e-18 -7.23726875e-17  0.00000000e+00]\n",
      " [ 4.39173671e-01  1.73679899e+00 -9.02666302e-01  2.01939476e-01\n",
      "   2.50668850e-17  8.09606517e-17 -1.94898920e-01  2.45027605e-16\n",
      "   6.56783566e-17  4.70030939e-02  3.54313136e-17 -1.14935374e-16\n",
      "   6.77215848e-17  0.00000000e+00 -1.15783021e-02 -7.70429240e-02\n",
      "   1.82548673e-01  1.58404375e-01  2.58924611e-16  2.71179658e-16\n",
      "   1.07604281e-01 -1.36654419e-17 -2.00246410e-16 -3.40806911e-01\n",
      "   2.87807948e-16 -4.50722577e-18 -2.08084528e-16  0.00000000e+00]\n",
      " [-4.42532230e-01 -9.02666302e-01  5.68193307e+00  2.85833185e-01\n",
      "  -7.49534600e-16 -4.67863452e-16  2.26030344e+00  1.32598312e-15\n",
      "   1.86873085e-16  4.28142360e-01  2.39792614e-15 -1.85296258e-17\n",
      "   1.43520424e-16  0.00000000e+00  1.28954255e-01  1.82548673e-01\n",
      "  -4.41314143e+00  2.66989176e-01 -1.10719147e-15 -5.12926796e-16\n",
      "   2.39930155e+00 -2.77427769e-15  8.14037991e-16 -3.44415381e-01\n",
      "  -1.19729492e-16 -4.85752088e-17 -5.71563080e-17  0.00000000e+00]\n",
      " [ 8.91940299e-02  2.01939476e-01  2.85833185e-01  1.37012863e+00\n",
      "  -5.79329175e-17 -3.02796854e-17 -2.04010157e-01  3.04910462e-16\n",
      "  -8.11368672e-18  1.58714803e-01  5.83927546e-16 -2.97345206e-17\n",
      "  -1.09212374e-16  0.00000000e+00 -4.66800183e-02 -1.58404375e-01\n",
      "  -2.66989176e-01  3.13128816e-01 -3.82316896e-16  1.44382599e-16\n",
      "   2.27386612e-01  1.46938856e-16 -5.93576809e-17 -3.54371394e-01\n",
      "  -7.75567963e-17 -1.25263750e-17  1.07523494e-16  0.00000000e+00]\n",
      " [ 7.98844772e-17  2.50668850e-17 -7.49534600e-16 -5.79329175e-17\n",
      "   1.15649643e+00 -5.32957613e-17  1.11459905e-16 -3.06292955e-01\n",
      "  -2.12312051e-17  6.82944270e-17  5.21030698e-02  1.14162297e-17\n",
      "   1.61031086e-16  0.00000000e+00  7.26456818e-17  2.27591011e-16\n",
      "   7.20576595e-17 -1.93430149e-16 -3.64347263e-02  4.02813333e-17\n",
      "  -6.42925670e-16 -7.90024174e-05 -2.83354244e-17  3.07405574e-17\n",
      "   1.42700346e-01 -4.85722573e-17  4.14946455e-17  0.00000000e+00]\n",
      " [ 5.42767004e-17  8.09606517e-17 -4.67863452e-16 -3.02796854e-17\n",
      "  -6.13365585e-17  1.15649643e+00 -2.38391080e-16 -4.59897211e-17\n",
      "  -3.06292955e-01 -5.07162634e-17 -9.14782269e-17  5.21030698e-02\n",
      "   7.61124304e-29  0.00000000e+00 -2.12260618e-17 -3.75127099e-17\n",
      "   4.40673656e-16 -2.78643214e-17 -6.55920520e-17 -3.64347263e-02\n",
      "  -1.09181097e-16  8.49298564e-17 -7.90024174e-05 -4.65834141e-17\n",
      "  -7.45931095e-17  1.42700346e-01 -7.67290490e-29  0.00000000e+00]\n",
      " [-1.25680292e-01 -1.94898920e-01  2.26030344e+00 -2.04010157e-01\n",
      "   1.11459905e-16 -2.38391080e-16  2.48126831e+00  3.72809763e-17\n",
      "   1.24128224e-16  3.18250977e-01  1.05641011e-15 -1.64357402e-17\n",
      "   9.80539998e-17  0.00000000e+00 -3.23424743e-02 -1.07604281e-01\n",
      "  -2.39930155e+00  2.27386612e-01 -2.58414774e-16 -3.02700456e-16\n",
      "   1.01056055e+00 -1.16885883e-15  3.98433245e-16 -7.38321551e-02\n",
      "   8.37880369e-17 -1.96952806e-17  5.51440121e-17  0.00000000e+00]\n",
      " [ 3.80226662e-16  2.45027605e-16  1.32598312e-15  3.04910462e-16\n",
      "  -3.06292955e-01 -4.64087332e-17  3.72809763e-17  1.42556490e+00\n",
      "   1.14191719e-16  2.10380702e-16  1.61891999e-01  4.80977994e-17\n",
      "  -7.02130305e-17  0.00000000e+00 -1.77251519e-16 -5.71602772e-16\n",
      "  -4.28099741e-16  6.38081343e-16 -7.90024174e-05  1.90910326e-17\n",
      "   3.92664000e-16 -5.22237567e-01 -3.29504498e-17  3.96494045e-17\n",
      "   1.90346194e-01  2.77555756e-17  4.04114578e-17  0.00000000e+00]\n",
      " [-1.12566193e-17  6.56783566e-17  1.86873085e-16 -8.11368672e-18\n",
      "  -2.14795450e-17 -3.06292955e-01  1.24128224e-16  9.89529384e-17\n",
      "   1.42556490e+00  1.69067664e-17  3.17361557e-17  1.61891999e-01\n",
      "  -2.67302999e-29  0.00000000e+00 -7.83238483e-18  1.96476578e-17\n",
      "  -1.73306989e-16  5.44533472e-17  7.14907912e-17 -7.90024174e-05\n",
      "   9.97606025e-17 -1.73087782e-16 -5.22237567e-01  3.47601615e-17\n",
      "   2.77555756e-17  1.90346194e-01  2.66456260e-29  0.00000000e+00]\n",
      " [ 5.90048297e-03  4.70030939e-02  4.28142360e-01  1.58714803e-01\n",
      "   6.82944270e-17 -5.07162634e-17  3.18250977e-01  2.10380702e-16\n",
      "   1.69067664e-17  1.23347494e+00  5.24109771e-16 -9.53238656e-18\n",
      "  -1.64413904e-16  0.00000000e+00 -1.67158471e-01 -3.40806911e-01\n",
      "  -3.44415381e-01  3.54371394e-01 -2.56960034e-17 -2.55809839e-17\n",
      "   7.38321551e-02 -8.71319887e-17  7.37185382e-17 -1.41271965e-01\n",
      "   1.40440217e-16 -9.67287533e-18  9.36238800e-17  0.00000000e+00]\n",
      " [-2.28578020e-16  3.54313136e-17  2.39792614e-15  5.83927546e-16\n",
      "   5.21030698e-02 -9.02352387e-17  1.05641011e-15  1.61891999e-01\n",
      "   1.66539087e-17  5.24109771e-16  1.17975332e+00 -3.38797640e-17\n",
      "   1.42755242e-17  0.00000000e+00 -1.79891576e-16 -1.10637908e-16\n",
      "  -2.67496312e-15  6.15094732e-17 -1.42700346e-01  5.19315883e-17\n",
      "   1.33354225e-15 -1.90346194e-01  4.63099069e-17 -3.81171825e-16\n",
      "   3.27820303e-01 -7.97972799e-17  1.77320794e-17  0.00000000e+00]\n",
      " [-5.43972934e-17 -1.14935374e-16 -1.85296258e-17 -2.97345206e-17\n",
      "   1.66599417e-17  5.21030698e-02 -1.64357402e-17  3.64412568e-17\n",
      "   1.61891999e-01 -9.53238656e-18 -3.77762572e-17  1.17975332e+00\n",
      "  -3.61087612e-29  0.00000000e+00  2.91946544e-19  4.51734496e-18\n",
      "   6.99446894e-17 -2.90601632e-17 -1.20985209e-17 -1.42700346e-01\n",
      "  -9.70374204e-17 -2.50671641e-17 -1.90346194e-01  1.41857573e-16\n",
      "  -3.46944695e-18  3.27820303e-01  3.65341207e-29  0.00000000e+00]\n",
      " [ 2.18837423e-16  6.77215848e-17  1.43520424e-16 -1.09212374e-16\n",
      "   1.61031086e-16  7.61113378e-29  9.80539998e-17 -7.02130305e-17\n",
      "  -2.67342515e-29 -1.64413904e-16  1.42755242e-17 -3.61123582e-29\n",
      "   1.01122715e+00  0.00000000e+00  4.10504570e-17  2.87249777e-16\n",
      "  -4.61295128e-16 -2.84030804e-16  1.12736826e-16  1.10166756e-28\n",
      "   4.89270541e-16 -1.33327788e-16 -4.49712485e-29  2.88743048e-17\n",
      "   4.62763644e-18 -3.69778549e-32 -8.71869911e-02  0.00000000e+00]\n",
      " [ 0.00000000e+00  0.00000000e+00  0.00000000e+00  0.00000000e+00\n",
      "   0.00000000e+00  0.00000000e+00  0.00000000e+00  0.00000000e+00\n",
      "   0.00000000e+00  0.00000000e+00  0.00000000e+00  0.00000000e+00\n",
      "   0.00000000e+00  1.01122715e+00  0.00000000e+00  0.00000000e+00\n",
      "   0.00000000e+00  0.00000000e+00  0.00000000e+00  0.00000000e+00\n",
      "   0.00000000e+00  0.00000000e+00  0.00000000e+00  0.00000000e+00\n",
      "   0.00000000e+00  0.00000000e+00  0.00000000e+00 -8.71869911e-02]\n",
      " [ 3.89871748e-03 -1.15783021e-02  1.28954255e-01 -4.66800183e-02\n",
      "   7.26456818e-17 -2.12260618e-17 -3.23424743e-02 -1.77251519e-16\n",
      "  -7.83238483e-18 -1.67158471e-01 -1.79891576e-16  2.91946544e-19\n",
      "   4.10504570e-17  0.00000000e+00  1.17017156e+00  4.39173671e-01\n",
      "  -4.42532230e-01 -8.91940299e-02  2.41544613e-16 -3.70686469e-17\n",
      "   1.25680292e-01  1.15446727e-16  2.52616617e-17  5.90048297e-03\n",
      "   3.74026721e-16 -6.87625994e-19  1.44227521e-16  0.00000000e+00]\n",
      " [-1.15783021e-02 -7.70429240e-02  1.82548673e-01 -1.58404375e-01\n",
      "   2.27591011e-16 -3.75127099e-17 -1.07604281e-01 -5.71602772e-16\n",
      "   1.96476578e-17 -3.40806911e-01 -1.10637908e-16  4.51734496e-18\n",
      "   2.87249777e-16  0.00000000e+00  4.39173671e-01  1.73679899e+00\n",
      "  -9.02666302e-01 -2.01939476e-01  9.43337565e-16 -8.67984729e-17\n",
      "   1.94898920e-01 -6.26194910e-16  9.17151466e-17  4.70030939e-02\n",
      "  -2.44011868e-16  5.25420549e-20 -1.87722916e-16  0.00000000e+00]\n",
      " [ 1.28954255e-01  1.82548673e-01 -4.41314143e+00 -2.66989176e-01\n",
      "   7.20576595e-17  4.40673656e-16 -2.39930155e+00 -4.28099741e-16\n",
      "  -1.73306989e-16 -3.44415381e-01 -2.67496312e-15  6.99446894e-17\n",
      "  -4.61295128e-16  0.00000000e+00 -4.42532230e-01 -9.02666302e-01\n",
      "   5.68193307e+00 -2.85833185e-01  2.86648208e-16  4.17122565e-16\n",
      "  -2.26030344e+00  3.00559278e-15 -6.77637257e-16  4.28142360e-01\n",
      "  -5.26670596e-17  4.72078711e-17  1.40472213e-16  0.00000000e+00]\n",
      " [ 4.66800183e-02  1.58404375e-01  2.66989176e-01  3.13128816e-01\n",
      "  -1.93430149e-16 -2.78643214e-17  2.27386612e-01  6.38081343e-16\n",
      "   5.44533472e-17  3.54371394e-01  6.15094732e-17 -2.90601632e-17\n",
      "  -2.84030804e-16  0.00000000e+00 -8.91940299e-02 -2.01939476e-01\n",
      "  -2.85833185e-01  1.37012863e+00 -1.94963188e-16  4.21645481e-17\n",
      "  -2.04010157e-01 -6.25709552e-17  4.06514254e-17 -1.58714803e-01\n",
      "   2.63430141e-16 -7.45771288e-18  1.42234980e-16  0.00000000e+00]\n",
      " [ 1.56434413e-16  2.58924611e-16 -1.10719147e-15 -3.82316896e-16\n",
      "  -3.64347263e-02 -6.65501329e-17 -2.58414774e-16 -7.90024174e-05\n",
      "   6.77817933e-17 -2.56960034e-17 -1.42700346e-01 -1.05117592e-17\n",
      "   1.12736826e-16  0.00000000e+00  2.41544613e-16  9.43337565e-16\n",
      "   2.86648208e-16 -1.94963188e-16  1.15649643e+00  1.88683404e-17\n",
      "  -2.61114204e-16 -3.06292955e-01 -1.82523442e-17  2.47753648e-16\n",
      "  -5.21030698e-02  0.00000000e+00  1.43174392e-17  0.00000000e+00]\n",
      " [ 1.54678211e-16  2.71179658e-16 -5.12926796e-16  1.44382599e-16\n",
      "   4.13902060e-17 -3.64347263e-02 -3.02700456e-16  1.50849401e-17\n",
      "  -7.90024174e-05 -2.55809839e-17  5.31651796e-17 -1.42700346e-01\n",
      "   1.10165682e-28  0.00000000e+00 -3.70686469e-17 -8.67984729e-17\n",
      "   4.17122565e-16  4.21645481e-17  1.79443340e-17  1.15649643e+00\n",
      "  -7.22369885e-17  1.07298500e-16 -3.06292955e-01 -2.12989508e-16\n",
      "   3.12250226e-17 -5.21030698e-02 -1.10397386e-28  0.00000000e+00]\n",
      " [ 3.23424743e-02  1.07604281e-01  2.39930155e+00  2.27386612e-01\n",
      "  -6.42925670e-16 -1.09181097e-16  1.01056055e+00  3.92664000e-16\n",
      "   9.97606025e-17  7.38321551e-02  1.33354225e-15 -9.70374204e-17\n",
      "   4.89270541e-16  0.00000000e+00  1.25680292e-01  1.94898920e-01\n",
      "  -2.26030344e+00 -2.04010157e-01 -2.61114204e-16 -7.22369885e-17\n",
      "   2.48126831e+00 -1.66222248e-15  2.86482385e-16 -3.18250977e-01\n",
      "   7.91898365e-17 -2.78529149e-17 -2.39471430e-16  0.00000000e+00]\n",
      " [-7.73320252e-17 -1.36654419e-17 -2.77427769e-15  1.46938856e-16\n",
      "  -7.90024174e-05  8.47943163e-17 -1.16885883e-15 -5.22237567e-01\n",
      "  -1.43575369e-16 -8.71319887e-17 -1.90346194e-01 -2.97197118e-17\n",
      "  -1.33327788e-16  0.00000000e+00  1.15446727e-16 -6.26194910e-16\n",
      "   3.00559278e-15 -6.25709552e-17 -3.06292955e-01  1.07305466e-16\n",
      "  -1.66222248e-15  1.42556490e+00  1.69248287e-17  1.85642573e-16\n",
      "  -1.61891999e-01 -1.38777878e-17 -5.17511805e-17  0.00000000e+00]\n",
      " [-1.18746783e-16 -2.00246410e-16  8.14037991e-16 -5.93576809e-17\n",
      "  -2.29483242e-17 -7.90024174e-05  3.98433245e-16 -5.16618557e-17\n",
      "  -5.22237567e-01  7.37185382e-17  2.52595342e-17 -1.90346194e-01\n",
      "  -4.49700536e-29  0.00000000e+00  2.52616617e-17  9.17151466e-17\n",
      "  -6.77637257e-16  4.06514254e-17 -2.36530556e-17 -3.06292955e-01\n",
      "   2.86482385e-16  5.61476551e-17  1.42556490e+00 -2.17313705e-16\n",
      "   2.77555756e-17 -1.61891999e-01  4.55628803e-29  0.00000000e+00]\n",
